Number of models:																				
120																				
Number of cores																				
25																				
Number of games																				
1000																				
Iterations per year																				
25000																				
Maximum number of years																				
50000																				
"Performance measurement period time (Y, Y <= 0 : at convergence after mandatory training of (-Y) years; X >= 1 : starts right after the completion of year X-1):"																				
0																				
Performance measurement period length: 																				
4																				
Number of Agents:																				
2																				
Depth of State:																				
1																				
Number of Prices:																				
15																				
Type of Exploration Mechanism (1 = constant epsilon greedy; 2 = exponentially decreasing epsilon (beta); 3 = exponentially decreasing epsilon (m))																				
2																				
Type of Payoff Input (0 = PI1 matrix given below in the states natural order; 1 = Singh & Vives demand; 2 = Logit demand; 3 = Logit demand with zero sigma (perfect competition))																				
2																				
"Q matrix initialization (a numAgents array; R = Random uniform in (lb,ub); U = Uniform at u; T = Trained (n); O = randomizing over opponents decision)"																				
U	U																			
0																				
0																				
Compute Q-Learning results (0 = No; 1 = Yes)																				
1																				
Compute results at convergence (prices and profits) (0 : No; 1 = Yes)																				
1																				
Compute pre-shock cycles (prices and profits) (0 : No; 1 = Yes)																				
0																				
Compute Impulse Response analysis with a one-period deviation to static Best Response (0 = No; 1 = Yes)																				
1																				
Compute Impulse Response analysis with a temporary or permanent deviation to Nash (0 = No; -1 = Permanent; X > 1 = Duration of temporary shock)																				
1																				
Compute Impulse Response analysis with a one-period deviation to all prices (0 = No; 1 = Yes)																				
0																				
Compute Equilibrium Check (0 = NO; 1 = Yes)																				
1																				
Compute Q Gap w.r.t. Maximum (0 = NO; 1 = YES)																				
1																				
Compute Average PI Gap w.r.t. Maximum (0 = NO; 1 = YES)																				
1																				
"Compute restart results (0 = NO; X > 1 = Number of agents (the last X) who restart learning; the others start from the learned Q, do not experiment but can learn)"																				
0																				
Compute mixed strategies results 																				
0	0																			
Model	PrintQ	PrintP	Alpha1	Alpha2	Beta1	Beta2	Delta1	Delta2	a0	a1	a2	c1	c2	sigma	extend1	extend2	NashP1	NashP2	CoopP1	CoopP2
1	0	150	0.025	0.025	-1	-1	0.95	0.95	0	2	2	1	1	0.25	0.1	0.1	1.47293	1.47293	1.92498	1.92498
2	0	150	0.025	0.025	1000	1000	0.95	0.95	0	2	2	1	1	0.25	0.1	0.1	1.47293	1.47293	1.92498	1.92498
3	0	150	0.025	0.025	500	500	0.95	0.95	0	2	2	1	1	0.25	0.1	0.1	1.47293	1.47293	1.92498	1.92498
4	0	150	0.025	0.025	200	200	0.95	0.95	0	2	2	1	1	0.25	0.1	0.1	1.47293	1.47293	1.92498	1.92498
5	0	150	0.025	0.025	100	100	0.95	0.95	0	2	2	1	1	0.25	0.1	0.1	1.47293	1.47293	1.92498	1.92498
6	0	150	0.025	0.025	50	50	0.95	0.95	0	2	2	1	1	0.25	0.1	0.1	1.47293	1.47293	1.92498	1.92498
7	0	150	0.025	0.025	20	20	0.95	0.95	0	2	2	1	1	0.25	0.1	0.1	1.47293	1.47293	1.92498	1.92498
8	0	150	0.025	0.025	10	10	0.95	0.95	0	2	2	1	1	0.25	0.1	0.1	1.47293	1.47293	1.92498	1.92498
9	0	150	0.025	0.025	5	5	0.95	0.95	0	2	2	1	1	0.25	0.1	0.1	1.47293	1.47293	1.92498	1.92498
10	0	150	0.025	0.025	2	2	0.95	0.95	0	2	2	1	1	0.25	0.1	0.1	1.47293	1.47293	1.92498	1.92498
11	0	150	0.025	0.025	1	1	0.95	0.95	0	2	2	1	1	0.25	0.1	0.1	1.47293	1.47293	1.92498	1.92498
12	0	150	0.025	0.025	0.5	0.5	0.95	0.95	0	2	2	1	1	0.25	0.1	0.1	1.47293	1.47293	1.92498	1.92498
13	0	75	0.05	0.05	-1	-1	0.95	0.95	0	2	2	1	1	0.25	0.1	0.1	1.47293	1.47293	1.92498	1.92498
14	0	75	0.05	0.05	1000	1000	0.95	0.95	0	2	2	1	1	0.25	0.1	0.1	1.47293	1.47293	1.92498	1.92498
15	0	75	0.05	0.05	500	500	0.95	0.95	0	2	2	1	1	0.25	0.1	0.1	1.47293	1.47293	1.92498	1.92498
16	0	75	0.05	0.05	200	200	0.95	0.95	0	2	2	1	1	0.25	0.1	0.1	1.47293	1.47293	1.92498	1.92498
17	0	75	0.05	0.05	100	100	0.95	0.95	0	2	2	1	1	0.25	0.1	0.1	1.47293	1.47293	1.92498	1.92498
18	0	75	0.05	0.05	50	50	0.95	0.95	0	2	2	1	1	0.25	0.1	0.1	1.47293	1.47293	1.92498	1.92498
19	0	75	0.05	0.05	20	20	0.95	0.95	0	2	2	1	1	0.25	0.1	0.1	1.47293	1.47293	1.92498	1.92498
20	0	75	0.05	0.05	10	10	0.95	0.95	0	2	2	1	1	0.25	0.1	0.1	1.47293	1.47293	1.92498	1.92498
21	0	75	0.05	0.05	5	5	0.95	0.95	0	2	2	1	1	0.25	0.1	0.1	1.47293	1.47293	1.92498	1.92498
22	0	75	0.05	0.05	2	2	0.95	0.95	0	2	2	1	1	0.25	0.1	0.1	1.47293	1.47293	1.92498	1.92498
23	0	75	0.05	0.05	1	1	0.95	0.95	0	2	2	1	1	0.25	0.1	0.1	1.47293	1.47293	1.92498	1.92498
24	0	75	0.05	0.05	0.5	0.5	0.95	0.95	0	2	2	1	1	0.25	0.1	0.1	1.47293	1.47293	1.92498	1.92498
25	0	50	0.075	0.075	-1	-1	0.95	0.95	0	2	2	1	1	0.25	0.1	0.1	1.47293	1.47293	1.92498	1.92498
26	0	50	0.075	0.075	1000	1000	0.95	0.95	0	2	2	1	1	0.25	0.1	0.1	1.47293	1.47293	1.92498	1.92498
27	0	50	0.075	0.075	500	500	0.95	0.95	0	2	2	1	1	0.25	0.1	0.1	1.47293	1.47293	1.92498	1.92498
28	0	50	0.075	0.075	200	200	0.95	0.95	0	2	2	1	1	0.25	0.1	0.1	1.47293	1.47293	1.92498	1.92498
29	0	50	0.075	0.075	100	100	0.95	0.95	0	2	2	1	1	0.25	0.1	0.1	1.47293	1.47293	1.92498	1.92498
30	0	50	0.075	0.075	50	50	0.95	0.95	0	2	2	1	1	0.25	0.1	0.1	1.47293	1.47293	1.92498	1.92498
31	0	50	0.075	0.075	20	20	0.95	0.95	0	2	2	1	1	0.25	0.1	0.1	1.47293	1.47293	1.92498	1.92498
32	0	50	0.075	0.075	10	10	0.95	0.95	0	2	2	1	1	0.25	0.1	0.1	1.47293	1.47293	1.92498	1.92498
33	0	50	0.075	0.075	5	5	0.95	0.95	0	2	2	1	1	0.25	0.1	0.1	1.47293	1.47293	1.92498	1.92498
34	0	50	0.075	0.075	2	2	0.95	0.95	0	2	2	1	1	0.25	0.1	0.1	1.47293	1.47293	1.92498	1.92498
35	0	50	0.075	0.075	1	1	0.95	0.95	0	2	2	1	1	0.25	0.1	0.1	1.47293	1.47293	1.92498	1.92498
36	0	50	0.075	0.075	0.5	0.5	0.95	0.95	0	2	2	1	1	0.25	0.1	0.1	1.47293	1.47293	1.92498	1.92498
37	0	40	0.1	0.1	-1	-1	0.95	0.95	0	2	2	1	1	0.25	0.1	0.1	1.47293	1.47293	1.92498	1.92498
38	0	40	0.1	0.1	1000	1000	0.95	0.95	0	2	2	1	1	0.25	0.1	0.1	1.47293	1.47293	1.92498	1.92498
39	0	40	0.1	0.1	500	500	0.95	0.95	0	2	2	1	1	0.25	0.1	0.1	1.47293	1.47293	1.92498	1.92498
40	0	40	0.1	0.1	200	200	0.95	0.95	0	2	2	1	1	0.25	0.1	0.1	1.47293	1.47293	1.92498	1.92498
41	0	40	0.1	0.1	100	100	0.95	0.95	0	2	2	1	1	0.25	0.1	0.1	1.47293	1.47293	1.92498	1.92498
42	0	40	0.1	0.1	50	50	0.95	0.95	0	2	2	1	1	0.25	0.1	0.1	1.47293	1.47293	1.92498	1.92498
43	0	40	0.1	0.1	20	20	0.95	0.95	0	2	2	1	1	0.25	0.1	0.1	1.47293	1.47293	1.92498	1.92498
44	0	40	0.1	0.1	10	10	0.95	0.95	0	2	2	1	1	0.25	0.1	0.1	1.47293	1.47293	1.92498	1.92498
45	0	40	0.1	0.1	5	5	0.95	0.95	0	2	2	1	1	0.25	0.1	0.1	1.47293	1.47293	1.92498	1.92498
46	0	40	0.1	0.1	2	2	0.95	0.95	0	2	2	1	1	0.25	0.1	0.1	1.47293	1.47293	1.92498	1.92498
47	0	40	0.1	0.1	1	1	0.95	0.95	0	2	2	1	1	0.25	0.1	0.1	1.47293	1.47293	1.92498	1.92498
48	0	40	0.1	0.1	0.5	0.5	0.95	0.95	0	2	2	1	1	0.25	0.1	0.1	1.47293	1.47293	1.92498	1.92498
49	0	30	0.125	0.125	-1	-1	0.95	0.95	0	2	2	1	1	0.25	0.1	0.1	1.47293	1.47293	1.92498	1.92498
50	0	30	0.125	0.125	1000	1000	0.95	0.95	0	2	2	1	1	0.25	0.1	0.1	1.47293	1.47293	1.92498	1.92498
51	0	30	0.125	0.125	500	500	0.95	0.95	0	2	2	1	1	0.25	0.1	0.1	1.47293	1.47293	1.92498	1.92498
52	0	30	0.125	0.125	200	200	0.95	0.95	0	2	2	1	1	0.25	0.1	0.1	1.47293	1.47293	1.92498	1.92498
53	0	30	0.125	0.125	100	100	0.95	0.95	0	2	2	1	1	0.25	0.1	0.1	1.47293	1.47293	1.92498	1.92498
54	0	30	0.125	0.125	50	50	0.95	0.95	0	2	2	1	1	0.25	0.1	0.1	1.47293	1.47293	1.92498	1.92498
55	0	30	0.125	0.125	20	20	0.95	0.95	0	2	2	1	1	0.25	0.1	0.1	1.47293	1.47293	1.92498	1.92498
56	0	30	0.125	0.125	10	10	0.95	0.95	0	2	2	1	1	0.25	0.1	0.1	1.47293	1.47293	1.92498	1.92498
57	0	30	0.125	0.125	5	5	0.95	0.95	0	2	2	1	1	0.25	0.1	0.1	1.47293	1.47293	1.92498	1.92498
58	0	30	0.125	0.125	2	2	0.95	0.95	0	2	2	1	1	0.25	0.1	0.1	1.47293	1.47293	1.92498	1.92498
59	0	30	0.125	0.125	1	1	0.95	0.95	0	2	2	1	1	0.25	0.1	0.1	1.47293	1.47293	1.92498	1.92498
60	0	30	0.125	0.125	0.5	0.5	0.95	0.95	0	2	2	1	1	0.25	0.1	0.1	1.47293	1.47293	1.92498	1.92498
61	0	25	0.15	0.15	-1	-1	0.95	0.95	0	2	2	1	1	0.25	0.1	0.1	1.47293	1.47293	1.92498	1.92498
62	0	25	0.15	0.15	1000	1000	0.95	0.95	0	2	2	1	1	0.25	0.1	0.1	1.47293	1.47293	1.92498	1.92498
63	0	25	0.15	0.15	500	500	0.95	0.95	0	2	2	1	1	0.25	0.1	0.1	1.47293	1.47293	1.92498	1.92498
64	0	25	0.15	0.15	200	200	0.95	0.95	0	2	2	1	1	0.25	0.1	0.1	1.47293	1.47293	1.92498	1.92498
65	0	25	0.15	0.15	100	100	0.95	0.95	0	2	2	1	1	0.25	0.1	0.1	1.47293	1.47293	1.92498	1.92498
66	0	25	0.15	0.15	50	50	0.95	0.95	0	2	2	1	1	0.25	0.1	0.1	1.47293	1.47293	1.92498	1.92498
67	0	25	0.15	0.15	20	20	0.95	0.95	0	2	2	1	1	0.25	0.1	0.1	1.47293	1.47293	1.92498	1.92498
68	0	25	0.15	0.15	10	10	0.95	0.95	0	2	2	1	1	0.25	0.1	0.1	1.47293	1.47293	1.92498	1.92498
69	0	25	0.15	0.15	5	5	0.95	0.95	0	2	2	1	1	0.25	0.1	0.1	1.47293	1.47293	1.92498	1.92498
70	0	25	0.15	0.15	2	2	0.95	0.95	0	2	2	1	1	0.25	0.1	0.1	1.47293	1.47293	1.92498	1.92498
71	0	25	0.15	0.15	1	1	0.95	0.95	0	2	2	1	1	0.25	0.1	0.1	1.47293	1.47293	1.92498	1.92498
72	0	25	0.15	0.15	0.5	0.5	0.95	0.95	0	2	2	1	1	0.25	0.1	0.1	1.47293	1.47293	1.92498	1.92498
73	0	25	0.175	0.175	-1	-1	0.95	0.95	0	2	2	1	1	0.25	0.1	0.1	1.47293	1.47293	1.92498	1.92498
74	0	25	0.175	0.175	1000	1000	0.95	0.95	0	2	2	1	1	0.25	0.1	0.1	1.47293	1.47293	1.92498	1.92498
75	0	25	0.175	0.175	500	500	0.95	0.95	0	2	2	1	1	0.25	0.1	0.1	1.47293	1.47293	1.92498	1.92498
76	0	25	0.175	0.175	200	200	0.95	0.95	0	2	2	1	1	0.25	0.1	0.1	1.47293	1.47293	1.92498	1.92498
77	0	25	0.175	0.175	100	100	0.95	0.95	0	2	2	1	1	0.25	0.1	0.1	1.47293	1.47293	1.92498	1.92498
78	0	25	0.175	0.175	50	50	0.95	0.95	0	2	2	1	1	0.25	0.1	0.1	1.47293	1.47293	1.92498	1.92498
79	0	25	0.175	0.175	20	20	0.95	0.95	0	2	2	1	1	0.25	0.1	0.1	1.47293	1.47293	1.92498	1.92498
80	0	25	0.175	0.175	10	10	0.95	0.95	0	2	2	1	1	0.25	0.1	0.1	1.47293	1.47293	1.92498	1.92498
81	0	25	0.175	0.175	5	5	0.95	0.95	0	2	2	1	1	0.25	0.1	0.1	1.47293	1.47293	1.92498	1.92498
82	0	25	0.175	0.175	2	2	0.95	0.95	0	2	2	1	1	0.25	0.1	0.1	1.47293	1.47293	1.92498	1.92498
83	0	25	0.175	0.175	1	1	0.95	0.95	0	2	2	1	1	0.25	0.1	0.1	1.47293	1.47293	1.92498	1.92498
84	0	25	0.175	0.175	0.5	0.5	0.95	0.95	0	2	2	1	1	0.25	0.1	0.1	1.47293	1.47293	1.92498	1.92498
85	0	25	0.2	0.2	-1	-1	0.95	0.95	0	2	2	1	1	0.25	0.1	0.1	1.47293	1.47293	1.92498	1.92498
86	0	25	0.2	0.2	1000	1000	0.95	0.95	0	2	2	1	1	0.25	0.1	0.1	1.47293	1.47293	1.92498	1.92498
87	0	25	0.2	0.2	500	500	0.95	0.95	0	2	2	1	1	0.25	0.1	0.1	1.47293	1.47293	1.92498	1.92498
88	0	25	0.2	0.2	200	200	0.95	0.95	0	2	2	1	1	0.25	0.1	0.1	1.47293	1.47293	1.92498	1.92498
89	0	25	0.2	0.2	100	100	0.95	0.95	0	2	2	1	1	0.25	0.1	0.1	1.47293	1.47293	1.92498	1.92498
90	0	25	0.2	0.2	50	50	0.95	0.95	0	2	2	1	1	0.25	0.1	0.1	1.47293	1.47293	1.92498	1.92498
91	0	25	0.2	0.2	20	20	0.95	0.95	0	2	2	1	1	0.25	0.1	0.1	1.47293	1.47293	1.92498	1.92498
92	0	25	0.2	0.2	10	10	0.95	0.95	0	2	2	1	1	0.25	0.1	0.1	1.47293	1.47293	1.92498	1.92498
93	0	25	0.2	0.2	5	5	0.95	0.95	0	2	2	1	1	0.25	0.1	0.1	1.47293	1.47293	1.92498	1.92498
94	0	25	0.2	0.2	2	2	0.95	0.95	0	2	2	1	1	0.25	0.1	0.1	1.47293	1.47293	1.92498	1.92498
95	0	25	0.2	0.2	1	1	0.95	0.95	0	2	2	1	1	0.25	0.1	0.1	1.47293	1.47293	1.92498	1.92498
96	0	25	0.2	0.2	0.5	0.5	0.95	0.95	0	2	2	1	1	0.25	0.1	0.1	1.47293	1.47293	1.92498	1.92498
97	0	25	0.225	0.225	-1	-1	0.95	0.95	0	2	2	1	1	0.25	0.1	0.1	1.47293	1.47293	1.92498	1.92498
98	0	25	0.225	0.225	1000	1000	0.95	0.95	0	2	2	1	1	0.25	0.1	0.1	1.47293	1.47293	1.92498	1.92498
99	0	25	0.225	0.225	500	500	0.95	0.95	0	2	2	1	1	0.25	0.1	0.1	1.47293	1.47293	1.92498	1.92498
100	0	25	0.225	0.225	200	200	0.95	0.95	0	2	2	1	1	0.25	0.1	0.1	1.47293	1.47293	1.92498	1.92498
101	0	25	0.225	0.225	100	100	0.95	0.95	0	2	2	1	1	0.25	0.1	0.1	1.47293	1.47293	1.92498	1.92498
102	0	25	0.225	0.225	50	50	0.95	0.95	0	2	2	1	1	0.25	0.1	0.1	1.47293	1.47293	1.92498	1.92498
103	0	25	0.225	0.225	20	20	0.95	0.95	0	2	2	1	1	0.25	0.1	0.1	1.47293	1.47293	1.92498	1.92498
104	0	25	0.225	0.225	10	10	0.95	0.95	0	2	2	1	1	0.25	0.1	0.1	1.47293	1.47293	1.92498	1.92498
105	0	25	0.225	0.225	5	5	0.95	0.95	0	2	2	1	1	0.25	0.1	0.1	1.47293	1.47293	1.92498	1.92498
106	0	25	0.225	0.225	2	2	0.95	0.95	0	2	2	1	1	0.25	0.1	0.1	1.47293	1.47293	1.92498	1.92498
107	0	25	0.225	0.225	1	1	0.95	0.95	0	2	2	1	1	0.25	0.1	0.1	1.47293	1.47293	1.92498	1.92498
108	0	25	0.225	0.225	0.5	0.5	0.95	0.95	0	2	2	1	1	0.25	0.1	0.1	1.47293	1.47293	1.92498	1.92498
109	0	25	0.25	0.25	-1	-1	0.95	0.95	0	2	2	1	1	0.25	0.1	0.1	1.47293	1.47293	1.92498	1.92498
110	0	25	0.25	0.25	1000	1000	0.95	0.95	0	2	2	1	1	0.25	0.1	0.1	1.47293	1.47293	1.92498	1.92498
111	0	25	0.25	0.25	500	500	0.95	0.95	0	2	2	1	1	0.25	0.1	0.1	1.47293	1.47293	1.92498	1.92498
112	0	25	0.25	0.25	200	200	0.95	0.95	0	2	2	1	1	0.25	0.1	0.1	1.47293	1.47293	1.92498	1.92498
113	0	25	0.25	0.25	100	100	0.95	0.95	0	2	2	1	1	0.25	0.1	0.1	1.47293	1.47293	1.92498	1.92498
114	0	25	0.25	0.25	50	50	0.95	0.95	0	2	2	1	1	0.25	0.1	0.1	1.47293	1.47293	1.92498	1.92498
115	0	25	0.25	0.25	20	20	0.95	0.95	0	2	2	1	1	0.25	0.1	0.1	1.47293	1.47293	1.92498	1.92498
116	0	25	0.25	0.25	10	10	0.95	0.95	0	2	2	1	1	0.25	0.1	0.1	1.47293	1.47293	1.92498	1.92498
117	0	25	0.25	0.25	5	5	0.95	0.95	0	2	2	1	1	0.25	0.1	0.1	1.47293	1.47293	1.92498	1.92498
118	0	25	0.25	0.25	2	2	0.95	0.95	0	2	2	1	1	0.25	0.1	0.1	1.47293	1.47293	1.92498	1.92498
119	0	25	0.25	0.25	1	1	0.95	0.95	0	2	2	1	1	0.25	0.1	0.1	1.47293	1.47293	1.92498	1.92498
120	0	25	0.25	0.25	0.5	0.5	0.95	0.95	0	2	2	1	1	0.25	0.1	0.1	1.47293	1.47293	1.92498	1.92498
